13	15	2									
0	1	0	1	0	0	0	0	0	0	0	0	0
0	0	1	0	0	0	0	0	0	0	0	0	0
0	0	0	0	1	0	0	0	0	0	0	0	0
0	0	0	0	1	0	0	0	0	0	0	0	0
0	0	0	0	0	1	1	0	0	0	0	0	0
0	0	0	0	0	0	0	1	0	0	0	0	0
0	0	0	0	0	0	0	1	0	0	0	0	0
0	0	0	0	0	0	0	0	0	0	0	0	0
0	0	0	0	0	0	0	0	0	1	0	1	0
0	0	0	0	0	0	0	0	0	0	1	0	0
0	0	0	0	0	0	0	0	0	0	0	0	1
0	0	0	0	0	0	0	0	0	0	0	0	1
0	0	0	0	0	0	0	0	0	0	0	0	0						
0	0	1	0	0	0	0	0	1	0	0	0	0	0	0
1	1	0	0	0	0	1	0	0	0	0	1	0	0	0
0	0	0	1	0	0	1	1	0	0	0	0	0	0	0
0	0	1	0	0	1	0	0	0	0	0	0	0	0	0
0	0	0	1	0	0	0	0	0	0	0	0	0	0	0
0	0	1	1	0	0	0	0	0	0	0	0	1	0	0
0	0	0	0	1	0	0	0	1	0	0	0	0	0	0
0	1	1	0	0	0	0	0	0	0	0	0	0	0	0
0	0	0	0	1	0	0	0	0	0	0	1	0	0	1
0	0	0	0	0	0	0	0	1	0	0	0	0	0	1
0	0	0	1	0	0	0	0	0	0	0	0	0	1	1
0	0	0	0	0	0	0	0	1	1	0	0	0	1	0
0	0	0	0	0	1	0	0	0	1	0	0	0	0	0
0	0	46	0	0	0	0	0	43	0	0	0	0	0	0
10	17	0	0	0	0	11	0	0	0	0	13	0	0	0
0	0	0	8	0	0	9	10	0	0	0	0	0	0	0
0	0	18	0	0	25	0	0	0	0	0	0	0	0	0
0	0	0	9	0	0	0	0	0	0	0	0	0	0	0
0	0	29	27	0	0	0	0	0	0	0	0	33	0	0
0	0	0	0	30	0	0	0	29	0	0	0	0	0	0
0	9	8	0	0	0	0	0	0	0	0	0	0	0	0
0	0	0	0	18	0	0	0	0	0	0	10	0	0	19
0	0	0	0	0	0	0	0	28	0	0	0	0	0	25
0	0	0	42	0	0	0	0	0	0	0	0	0	43	47
0	0	0	0	0	0	0	0	35	31	0	0	0	29	0
0	0	0	0	0	9	0	0	0	7	0	0	0	0	0
0	1	1	0	0	0	0	0	0	0	0	0	0
0	0	0	1	0	0	0	0	0	0	0	0	0
0	0	0	0	0	1	0	0	0	0	0	0	0
0	0	0	0	0	0	1	0	0	0	0	0	0
