17	15	3									
0	1	0	1	0	0	0	0	0	0	0	0	0	0	0	0	0
0	0	1	0	0	0	0	0	0	0	0	0	0	0	0	0	0
0	0	0	0	0	1	0	0	0	0	0	0	0	0	0	0	0
0	0	0	0	1	0	0	0	0	0	0	0	0	0	0	0	0
0	0	0	0	0	1	0	0	0	0	0	0	0	0	0	0	0
0	0	0	0	0	0	0	0	0	0	0	0	0	0	0	0	0
0	0	0	0	0	0	0	1	1	0	0	0	0	0	0	0	0
0	0	0	0	0	0	0	0	0	1	0	0	0	0	0	0	0
0	0	0	0	0	0	0	0	0	1	0	0	0	0	0	0	0
0	0	0	0	0	0	0	0	0	0	1	0	0	0	0	0	0
0	0	0	0	0	0	0	0	0	0	0	0	0	0	0	0	0
0	0	0	0	0	0	0	0	0	0	0	0	1	1	0	0	0
0	0	0	0	0	0	0	0	0	0	0	0	0	0	0	1	0
0	0	0	0	0	0	0	0	0	0	0	0	0	0	1	0	0
0	0	0	0	0	0	0	0	0	0	0	0	0	0	0	1	0
0	0	0	0	0	0	0	0	0	0	0	0	0	0	0	0	1
0	0	0	0	0	0	0	0	0	0	0	0	0	0	0	0	0
0	0	1	0	0	0	0	1	0	0	0	0	0	0	0
0	0	0	0	1	1	0	1	0	0	0	0	0	0	0
0	1	0	0	0	0	0	0	0	0	0	0	0	0	0
1	0	0	0	1	0	0	0	0	1	0	0	0	0	0
0	0	0	0	0	0	0	0	1	0	0	0	0	0	0
0	0	0	0	1	0	0	1	0	0	0	0	0	0	0
0	0	1	0	0	0	1	0	0	1	0	0	0	0	0
0	0	0	0	1	1	0	0	0	0	0	0	1	0	0
0	0	0	0	0	0	0	1	0	0	0	0	0	0	1
0	0	1	0	0	0	0	0	0	0	1	0	0	0	1
0	0	0	0	0	0	0	0	0	1	0	0	1	0	0
0	0	0	0	1	0	0	0	0	0	0	0	1	0	1
0	0	1	0	0	1	0	0	1	0	0	0	0	0	0
0	1	0	0	0	0	0	0	0	0	0	0	0	0	0
1	0	0	0	0	0	0	0	0	0	0	0	0	1	0
0	0	0	1	0	0	0	0	0	0	0	0	0	0	1
0	0	1	0	0	0	0	0	0	1	0	0	0	1	0
0	0	8	0	0	0	0	13	0	0	0	0	0	0	0
0	0	0	0	16	12	0	13	0	0	0	0	0	0	0
0	21	0	0	0	0	0	0	0	0	0	0	0	0	0
13	0	0	0	16	0	0	0	0	18	0	0	0	0	0
0	0	0	0	0	0	0	0	17	0	0	0	0	0	0
0	0	0	0	46	0	0	47	0	0	0	0	0	0	0
0	0	44	0	0	0	48	0	0	49	0	0	0	0	0
0	0	0	0	17	14	0	0	0	0	0	0	10	0	0
0	0	0	0	0	0	0	16	0	0	0	0	0	0	13
0	0	28	0	0	0	0	0	0	0	27	0	0	0	30
0	0	0	0	0	0	0	0	0	48	0	0	50	0	0
0	0	0	0	31	0	0	0	0	0	0	0	32	0	36
0	0	30	0	0	28	0	0	26	0	0	0	0	0	0
0	11	0	0	0	0	0	0	0	0	0	0	0	0	0
16	0	0	0	0	0	0	0	0	0	0	0	0	18	0
0	0	0	18	0	0	0	0	0	0	0	0	0	0	19
0	0	36	0	0	0	0	0	0	32	0	0	0	35	0
0	1	1	0	0	0	0	0	0	0	0	0	0	0	0	0	0
0	0	0	1	1	0	0	0	0	0	0	0	0	0	0	0	0
0	0	0	0	0	0	0	1	0	0	0	0	0	0	0	0	0
0	0	0	0	0	0	0	0	1	0	0	0	0	0	0	0	0
0	0	0	0	0	0	0	0	0	0	0	0	1	0	0	0	0
0	0	0	0	0	0	0	0	0	0	0	0	0	1	1	0	0